27.470827102661133 -4.4120612144470215 7.9892754554748535
4.6346330642700195 -20.400209426879883 60.70563888549805
-10.61840534210205 -11.02968978881836 60.32223892211914
-52.45497131347656 -35.175865173339844 53.521942138671875
-37.85151672363281 4.382665634155273 31.135839462280273
-33.43541717529297 14.147161483764648 -64.53590393066406
3.805638313293457 -24.923084259033203 -15.373493194580078
-45.20018005371094 -11.367114067077637 -16.122509002685547
29.669815063476562 4.031802654266357 -55.946311950683594
-51.99940490722656 39.1467170715332 14.608235359191895
26.391197204589844 38.41230773925781 -11.76795482635498
-44.950191497802734 32.6615104675293 -26.882732391357422
